0 -4985.79 635.451
1 -1503.6 3966.8
2 2107.96 157.988
3 -3534.49 -3350.92
4 -4908.85 -1219.05
5 -3346.52 1632.61
6 2840.71 3030.6
7 4558.25 4251.89
8 3632.33 -2893.99
9 1121.8 -1085.15
10 -1251.16 -4065.39
11 -2234.37 -2266.51
12 -151.45 -2937.43
13 2449.08 -3915.02
14 722.555 -1380.55
15 164.436 4903.05
16 -88.0767 -4355.61
17 -3585.72 4042.59
18 4672.56 1833.51
19 -3093.38 -3221
20 2323.81 -938.973
21 2225.85 -256.345
22 179.127 1638.27
23 502.408 -1543.78
24 -434.225 -2279.76
25 -3040.08 2620.95
26 -4724.71 4940.17
27 3437.28 1260.05
28 -3905 2427.98
29 -3595.36 2335.8
30 -2466.64 -3548.2
31 -2901.95 -3844.87
32 2520.94 1855.52
33 1963.74 -2095.82
34 1290.73 -3389.59
35 -3101.38 -1630.56
36 -4016.3 1242.69
37 3944.41 -2105.79
38 1282.67 1044.14
39 3549.24 3285.41
40 -3162.44 2372.85
41 1047.13 1976.68
42 2413.54 1113.47
43 764.922 3668.19
44 1673.87 4758.79
45 -3921.36 3686.99
46 -4205.62 -4235.02
47 -917.161 -2016.08
48 2387.45 -1856.67
49 -1993.72 4440.48
50 1099.45 4557.59
51 -3943.59 51.5314
52 1627.95 -3848.77
53 94.7493 -1178.43
54 -4933.83 2078.6
55 2474.43 -33.8343
56 4549.81 1313.35
57 4508.32 1122.66
58 -3679.3 3477.8
59 -4858.85 -3743.99
60 -3313.45 1244.26
61 3029.89 3076.8
62 -3559.17 1308.87
63 -4337.4 -727.404
64 -1890.82 -3887.94
65 3949.52 2903.49
66 -2714.23 3645.52
67 -4470.07 -4190.59
68 3924 -2680.75
69 -4531.13 -4414.17
70 4465.52 3369.79
71 -2410.39 -4961.84
72 854.296 -2440.85
73 -4926.75 4402.62
74 -2785.08 -1166.73
75 3554.81 -4345.43
76 305.928 1861.84
77 -4697.61 3687.83
78 4488.68 -4409.81
79 -2083.17 4217.95
80 -2586.48 213.227
81 -4193.37 2828.39
82 -2901.33 -435.726
83 -1894.85 4921.1
84 -3471.01 1208.79
85 1464.01 1570.87
86 -3483.53 1364.23
87 782.704 355.276
88 2954.33 -3043.49
89 -3021.23 -3437.17
90 -585.179 1838.68
91 4488.32 3767.95
92 735.492 -583.683
93 -2393.42 -915.722
94 -1066.57 -1024.47
95 -1459.64 2329.74
96 -3000.93 -2273.73
97 -3903.12 4073.14
98 1866.99 -4098.63
99 -1936.34 1976.38
100 2252.46 -3012.06
101 -4017.72 463.057
102 2276.11 307.383
103 -4504.2 3103.47
104 -2876.5 -1780.75
105 1066.3 2594.22
106 1240.37 4970.57
107 -1938.12 -2167.44
108 -4691.59 -438.43
109 1117.81 3075.32
110 2933.14 -371.65
111 1724.33 -1569.58
112 2714.71 -1279.96
113 3945.08 -3160.5
114 -3019.39 4023.28
115 1282.13 -3140.75
116 2872.73 -3284.53
117 3552.88 -3748.38
118 -3078.35 2281.58
119 -3251.84 -4277.71
120 -1293.1 2789.13
121 4703.42 -2191.59
122 -4909.24 -1515.85
123 -4090.14 459.351
124 349.977 698.783
125 3637.57 -128.56
126 3645.13 3510.45
127 3294.64 2656.62
128 -599.761 -3930.22
129 -4999.66 1572.32
130 1829.86 3073.04
131 -4806.16 4786.98
132 -679.771 -4783.78
133 -4770.71 3270.11
134 -368.914 -2852.5
135 1073.22 -3975.76
136 2118.73 4996.41
137 1882.58 -2097.72
138 -2532.67 471.949
139 1243.49 -548.374
140 1294.86 4097.97
141 -507.753 3887.46
142 2307.74 4401.99
143 573.445 437.362
144 1005.74 -4500.13
145 1539.41 -901.321
146 -34.4771 73.2386
147 -1233.21 -3711.39
148 1515.08 144.127
149 -1368.29 -3885.97
150 3703.14 2605.11
151 -3359.02 -2884.84
152 804.353 1898.95
153 3082.71 -1224.73
154 -1108.23 -3194.01
155 -1191.82 -1954.63
156 2608.93 3816.42
157 -385.329 -59.5688
158 4220.07 3940.9
159 2477.99 2554.65
160 532.511 -4497.11
161 2323.36 529.725
162 -1060.58 -175.756
163 2565.29 -2812.01
164 -1531.7 1981.38
165 -2055.01 -237.398
166 -3563.63 4170.9
167 3137.42 -2605.86
168 -2699.33 3463.75
169 -4592.07 -3271.02
170 3945.12 1234.97
171 4986.22 4690.78
172 -2151.95 -3299.74
173 1442.88 3131.46
174 -1258.63 1503.78
175 -518.206 -4915.93
176 11.2073 -2580.69
177 2718.76 -2720.89
178 383.818 4924.16
179 -1291.6 -1338.67
180 -1758.19 3997.13
181 3940.68 -541.817
182 -768.072 -4839.36
183 1822.38 612.944
184 3174.25 2384.77
185 2488.5 -1670.26
186 1309.71 -4754.17
187 -2345.34 3230.4
188 -399.804 2484.14
189 -959.243 -1156.15
190 -688.072 4324.95
191 3654.04 -625.811
192 604.926 -4602.78
193 4639.24 1084.24
194 -8.56075 -4190.84
195 891.762 -2842.76
196 -1992.18 2270.28
197 3894.65 745.662
198 -2430.75 -3292.45
199 -4506.82 -4203.96
200 -877.739 4245.14
201 4519.26 485.423
202 3709.69 -1814.99
203 -3733.18 2739.79
204 -457.876 3629.38
205 2977.67 2804.99
206 3412.79 -2583.16
207 -1441.92 2146.88
208 2446.14 -3646.47
209 -3418.19 4005.05
210 -2504.56 714.376
211 4326.4 4458.81
212 3949.15 -4273.9
213 1729.21 -486.024
214 950.068 -2276.48
215 -1437.77 -2697.31
216 4833.7 -2625.06
217 -1738.47 368.304
218 -2092.16 -2804.24
219 1871.41 -2291.93
220 -1577.6 -4553.89
221 408.544 1044.46
222 2605.14 3670.5
223 -624.956 -4583.64
224 4817.9 73.6573
225 3591.75 -1615.41
226 -3269.66 -4307.9
227 -4161.93 -2378.79
228 1319.5 -3939.79
229 -2167.53 1934.59
230 2955.93 4998.51
231 -3062.72 4783.91
232 -934.294 2954.01
233 -2937.89 -4467.14
234 4769.5 -2760.3
235 -2987.52 -2182.03
236 -4000.44 -3926.38
237 -4946.51 -84.4035
238 2471.22 3734.46
239 2840.23 -3488.93
240 -3985.5 -890.588
241 -2722.6 -3110.32
242 -4429.21 4613.89
243 3789.75 -906.494
244 4442.88 -2165.68
245 -782.223 4541.78
246 1229.16 3079.59
247 -1838.23 3243.73
248 -310.93 4948.87
249 813.336 3777.61
250 -821.057 1077.11
251 -4129.9 -1835.71
252 1143.99 -3561.85
253 -2800.31 -3925.14
254 2713.7 -3924.4
255 -2775.08 -1968.49
256 3420.79 -1117.06
257 -4185.52 2530.25
258 -4047.79 -852.455
259 -1901.43 -3463.17
260 -3266.13 -1641.05
261 -536.005 4133.9
262 -2507.51 4373.44
263 1294.81 2959.74
264 3603.04 174.238
265 -4066.93 3262.7
266 142.406 -694.579
267 4139.96 -884.895
268 1774.81 274.199
269 3698.9 -3518.75
270 -2944.6 -3020.84
271 2396.35 -2047.62
272 3451.33 -2417.23
273 3924.21 -1402.14
274 3870.73 -1199.26
275 278.215 3027.13
276 598.606 -2206.88
277 -1324.19 -2168.49
278 -2509.66 -956.118
279 -3028.83 -476.864
280 -3261.61 -1766.02
281 -4535.32 2433.23
282 685.658 321.347
283 -887.15 -3667.61
284 4883.59 4164.74
285 -2052.18 -1562.2
286 3301.12 548.455
287 -263.475 -479.236
288 1592.78 -3773.75
289 2912.12 -1310.98
290 -577.937 858.9
291 3357.46 -3148.51
292 -2447.75 -896.211
293 3564.03 3059.21
294 1066.34 -4906.9
295 -2638.99 3857.79
296 4176.47 1519.24
297 -1001.7 56.205
298 -2103.87 338.737
299 -404.169 830.804
300 -3509.35 -2519.64
301 -89.8254 -470.524
302 3315.16 -1315.78
303 2264.05 1297.32
304 2441.51 -1380.75
305 630.467 -3257.23
306 -3295.85 445.221
307 1980.75 1711.52
308 -1797.59 -1914.51
309 -2636.21 -2396.47
310 2125.51 -1618.38
311 -3728.95 2200.54
312 -51.38 -4690.62
313 2647.71 -4777.91
314 2941.08 3350.42
315 -3988.97 -1102.32
316 1709.05 2380.47
317 -3885.71 -2334.42
318 3021.99 1126.51
319 4472.88 -2785.22
320 -415.85 1415.23
321 1517.35 -2999.01
322 3935.39 480.945
323 2308.8 -3478.5
324 2165.78 3301.89
325 -122.46 -484.651
326 -1386.74 2488.37
327 -1037.81 -3919.06
328 -2742.6 -2387.71
329 -886.219 -2674.91
330 1028.53 1206.66
331 316.848 2154.23
332 4700.62 3891.78
333 -344.744 1077.65
334 2408.34 -4587.53
335 2512.03 -3579.61
336 -4281.14 4075.57
337 -3484.53 3988.68
338 3352.81 1705.98
339 2097.1 -4411
340 -1849.77 -3816.66
341 -2508.25 -2832.24
342 2535.8 -1091.22
343 2372.19 2363.01
344 -1723.43 -696.269
345 -2317.43 -3959
346 1467.54 3576.1
347 -3973.24 -2465.92
348 -1281.01 -190.179
349 212.13 -1739.04
350 -4479.84 -3122.04
351 4007.13 3434.07
352 2574.39 -1169.84
353 3214.25 2574.28
354 1256.6 2677.7
355 617.407 -1525.44
356 3894.85 930.238
357 3159.62 -762.088
358 0.0680563 -3161.51
359 4893.6 3202.56
360 4309.27 4047.71
361 4165.97 1430.3
362 -2412.99 -2134.87
363 -1769.79 -2695.29
364 -3972.2 778.318
365 3971.64 -1906.39
366 484.756 -1323.43
367 -1802.06 -1911.9
368 989.181 797.091
369 -4272.26 -2050.93
370 -1953.79 -247.887
371 -1223.45 111.725
372 -3771.88 4569.67
373 -3661.04 4744.87
374 1133.13 3390.57
375 -3425.39 -3930.73
376 -4310.48 -1684.48
377 961.097 3775.68
378 -3202.17 -600.271
379 3552.31 -1013.7
380 -1998.13 188.31
381 3723.9 -283.464
382 -530.411 1820.57
383 -4118.3 -4490.72
384 812.863 -2177.63
385 4676.73 -4432.55
386 -1838.21 -2876.68
387 -1022.68 687.606
388 1070.31 -3043.39
389 3114.92 2991.43
390 143.13 3435.55
391 -1039.67 3785.84
392 1803.19 1408.17
393 -2969.13 3763.56
394 570.066 1221.78
395 252.952 -4548
396 -4953.98 4339.96
397 -1193.64 2614.72
398 -1296.84 -4940.34
399 -609.548 -3843.82
400 966.285 640.22
401 -2654.02 1267.88
402 124.59 -3236.83
403 -4782.09 -4258.6
404 3331.71 735.477
405 -3863.95 3604.15
406 -4701.37 -337.658
407 -4790.31 4427.6
408 1145.19 -4566.91
409 -2135.64 2322.6
410 4455.19 4253.39
411 -1931.41 4908.88
412 -3343.71 2240.4
413 -4838.6 -3424.94
414 -1505.57 -4997.78
415 2650.96 -4238.45
416 -520.33 2753.06
417 -2492.38 1130.44
418 -3544.03 -1517.85
419 3073.06 -3913.21
420 -2966.53 1377.99
421 4538.54 -3468.8
422 -1051.03 2558.49
423 -21.4603 1403.82
424 1221.97 -4672.6
425 -4445.08 705.505
426 -1975.22 -2807.15
427 -1668.93 835.734
428 1358.69 -4194.07
429 -4802.49 1668.82
430 3212.77 -3925.3
431 1146.91 -4569.78
432 3395.06 471.224
433 -4481.3 1579.23
434 3798.67 -111.769
435 -388.616 -2090.14
436 -4752.93 -2855.93
437 4102.9 2025.99
438 -2526.28 477.379
439 -442.238 3476.43
440 -1390.06 -1204.75
441 -1256.73 528.11
442 4952.11 -3441.91
443 3968.19 2026.2
444 -3249.57 -298.986
445 -1991.88 -1670.85
446 1268.65 501.291
447 1897.32 1521.53
448 -1195.83 2953.26
449 -1698.23 -638.8
450 2874.63 -3591.96
451 3558.98 2630.27
452 134.874 -838.153
453 -2844.55 642.658
454 1314.56 -481.505
455 1753.93 4640.02
456 -1022.97 -3590.73
457 2634.73 3668.77
458 2969.34 -3315.25
459 -577.789 2625.37
460 -460.971 1437.14
461 -867.555 -2746.73
462 -4827.66 -1715.46
463 3516 -4253.74
464 949.923 2145.91
465 -654.789 1527.05
466 -1591.91 1306.25
467 -4844.51 -2940.56
468 2850.14 1307.67
469 2548.94 3260.59
470 -4989.01 3647.46
471 -4031.02 4303.41
472 -2938.82 1490.33
473 -1020.48 2328.69
474 3850.92 -273.448
475 712.297 2032.83
476 -4597.41 1294.61
477 755.557 -518.462
478 1436.08 -2694.64
479 -3846.67 -4890.58
480 4026.16 2803.84
481 -1297.38 -4570.93
482 -777.21 -4394.69
483 -3821.33 3284.22
484 3695.82 305.48
485 -4299.26 1080.8
486 -2854.18 4596.01
487 3101.75 -2912.52
488 -3408.81 227.2
489 -3864.78 -986.6
490 3451.45 -4365.35
491 -4567.34 -4980.07
492 -829.881 2422.23
493 1588.34 -3623.78
494 711.372 3222.44
495 1555.36 1929.58
496 1356.07 2510.23
497 2973.73 -1255.47
498 -1796.45 -1813.68
499 0.119327 -1318.02
500 1986.37 -4331.95
501 -1345.36 -4412.27
502 351.192 1961.68
503 -4295.4 2967.29
504 446.49 1617.15
505 -1055.99 -3429.33
506 1665.03 2159.78
507 2713.51 1633.14
508 4681.53 756.407
509 -3073.41 -435.767
510 -2349.28 -507.809
511 3003.21 3857.1
512 -4685.31 1635.85
513 -4656.82 -527.394
514 2275.93 -4291.86
515 1547.71 -4034.45
516 -3913.45 -223.653
517 -60.6345 -1409.84
518 1339.71 3101.01
519 -2172.61 -2730.31
520 496.478 -2555.23
521 -1086.09 -1848.29
522 2468.36 4929.24
523 3299.78 -2770.22
524 4866.11 -4978.53
525 -1427.47 1035.03
526 1008.33 -2589.68
527 -4666.62 3796.22
528 -2652.37 3420.31
529 -4477.36 -4123.77
530 2445.62 2688.29
531 -2655.6 3179.8
532 3452.3 -2261.65
533 4709.74 2218.51
534 885.647 3207.95
535 -4885.54 575.725
536 -2257.93 2304.05
537 4018.43 -2829.46
538 3897.36 -2670.74
539 -566.973 2501.68
540 1685.27 -3189.13
541 4993.93 3080.59
542 3577.3 -3910.02
543 4979.23 64.1655
544 -2063.85 3835.35
545 -171.891 -3399.16
546 3799.07 1401.14
547 -4590.6 3641.97
548 608.974 -2448.56
549 4626.13 -1053.37
550 3802.78 -4705.76
551 4727.02 -1200.29
552 2174.79 3615.69
553 -1163.67 -2555.35
554 -1931.6 524.475
555 4950.15 3453.64
556 -3790.22 465.343
557 1103.13 -1723.37
558 2212.42 2422.68
559 -92.0118 -3808.54
560 -3390.53 1722.39
561 1101.39 535.938
562 -4556.53 2000.65
563 -4642.39 -3976.17
564 3133.4 -19.6634
565 -2065.89 1472.11
566 -994.05 190.873
567 -4540.19 3188.06
568 2916.12 1609.52
569 4533.09 3014.64
570 1119.81 3597.24
571 -4737.17 1363.15
572 -1497.75 3173.53
573 -1560.77 -457.387
574 -2151.11 1156.77
575 -355.617 1081.89
576 2042.28 -1261.25
577 -1229.58 -3047.37
578 567.383 2357.89
579 -1601.01 4270.1
580 -4367.27 -1382.07
581 -534.008 2895.05
582 -548.936 -3494.01
583 -2374.28 240.743
584 -1921.54 -637.057
585 -1181.2 -1716.36
586 3269.44 3327.98
587 -2660.09 2881.27
588 -2225.34 4972.61
589 -4873.15 99.9142
590 -4537.31 4801.12
591 -4672.72 -1088.36
592 1896.33 -688.001
593 -1171.65 -4613
594 -3561.42 -1737.36
595 -2740.82 -2342.71
596 1845.9 -133.754
597 598.39 -3421.28
598 2133.85 706.719
599 3111.13 1851.35
600 4905.43 2702.21
601 -4090.33 -2041.17
602 -1184.09 4395.18
603 -314.971 -68.2208
604 2231.11 -1372.07
605 -4184.17 3473.35
606 4110.24 3720.48
607 -427.546 -788.915
608 2910.2 701.864
609 3814.17 -4302.98
610 4366.81 3242.71
611 -3760.22 776.712
612 4500.03 2954.01
613 -745.951 -3769.58
614 -1848.6 -2982.99
615 -4660.96 -4814.18
616 -310.307 300.854
617 -3312.25 -2930.07
618 -3901.12 -744.607
619 2397.17 -267.997
620 -835.549 -226.592
621 1681.81 3491.49
622 -3071.63 -3921.38
623 -3350.5 -3197.64
624 892.783 2996.3
625 2832.37 -1956.18
626 -259.254 -1336.34
627 1198.39 3531.74
628 -4565.05 -101.546
629 -78.4603 -4180.96
630 2660.95 -2479.6
631 -671.27 2684.63
632 -2283.64 3640.93
633 -1500.31 930.065
634 -2461.84 -1835.57
635 -2908.7 4852.27
636 4939.99 -3150.09
637 545.984 4345.41
638 1055.02 -2161.76
639 2326.15 1802.11
640 703.575 -909.459
641 1552.66 2952.57
642 1991.93 3689.75
643 -412.949 1119.05
644 -4479.2 -4454.37
645 3695.26 -322.143
646 4840.47 2097.57
647 1633.61 2179.07
648 3440.52 -2987.92
649 -4680.82 -4824.77
650 -405.405 -785.664
651 -2961.94 3175.6
652 4972.38 1087.75
653 -3244.96 489.341
654 -2271.79 2799.22
655 3943.04 -340.657
656 -3686.74 4650.18
657 2231.81 1170.34
658 4610.52 -4637.34
659 374.688 4089.19
660 4737.7 -2450.5
661 -1825.8 2422.96
662 -2011.62 -1552.43
663 423.39 -3264.43
664 287.256 -2466.29
665 -2335.78 -4235.48
666 2809.49 -1702.94
667 -3056.54 -2121.43
668 3727.51 -3416.08
669 1181.81 -3279.06
670 2287.06 2539.17
671 438.319 1156.07
672 682.533 -1773.73
673 3650.27 3848.29
674 -4811.96 -1576.65
675 4144.69 -1735.82
676 2076.36 -3628.69
677 -2435.89 -987.33
678 -575.835 2088.12
679 -4636.56 4792.92
680 812.842 -4869.04
681 2599.54 -999.198
682 1764.6 -878.635
683 3196.29 -2559.92
684 4781.53 185.157
685 1324.02 -1879
686 4051.41 -3505.31
687 2285.21 2348.18
688 -4117.35 1139.92
689 1155.53 2380.06
690 -4662.61 -4490.67
691 2977.34 4801.17
692 -4401.29 -4718.56
693 2596.25 4690.26
694 528.047 -3706.24
695 -2264.57 82.8965
696 -3395.53 2519.66
697 3774.49 1408.84
698 -4837.6 3214.7
699 3673.48 -4324.04
700 701.822 1585.19
701 1205.86 73.1422
702 -3519.35 1860.41
703 1492.29 4623.64
704 3036.42 -2480.51
705 -3320.01 -1477.24
706 750.956 -2922.32
707 567.057 149.051
708 2457.56 397.89
709 586.482 -4980.31
710 -3240.22 2218.94
711 315.163 1630.57
712 -1720.7 -4758.93
713 1404.52 -82.2477
714 -4333.86 -97.4227
715 -2171.83 1709.1
716 3185.74 3265.94
717 1416.41 -1655.87
718 -2963.27 3708.75
719 1684.11 4664.61
720 2315.68 4302.22
721 -1297.5 4316.92
722 1182.52 1322.62
723 2165.47 -3909.99
724 -1145.19 606.834
725 -4582.89 -4149.17
726 -2338.91 -1185.68
727 -2464.36 3794.58
728 -4394.59 1666.82
729 2230.95 1698.89
730 100.119 -3651.15
731 -3317.43 -41.3022
732 2921.55 537.563
733 -889.13 -1055.83
734 -2699.77 4870.47
735 -1959.09 4485.62
736 2964.73 1291.99
737 2286.2 2105.3
738 465.683 4317.05
739 4578.66 -279.571
740 45.081 -2377.62
741 -2483.44 3414.82
742 -3206.47 2830.47
743 -4695.99 -3754.33
744 -2678.22 2955.52
745 -419.424 4307.64
746 -692.145 -2504.86
747 2841.33 187.79
748 -232.204 1559.33
749 -2010.62 -1773.72
750 2853.38 -3986.21
751 -2761.41 1434.51
752 3316.93 1022.44
753 -979.043 4595.02
754 -3564.6 -68.3874
755 -3851.62 3428.16
756 351.77 -4012.57
757 3897.87 4205.66
758 1799.71 -1165.53
759 1164.63 3969.06
760 1257.36 3094.3
761 3366.05 -4438.68
762 -1825.16 -3878.57
763 443.606 -2569.14
764 2514.85 -2783.42
765 -1620.9 2827.23
766 3379.17 -4393.51
767 -2372.18 -1887.62
768 717.136 -1105.5
769 -2917.81 4774.79
770 1087.4 -184.673
771 -3166.75 4915.55
772 3150.08 3032.53
773 -1880.4 -4998.32
774 4402.08 -786.999
775 4155.99 -2778.57
776 4352.64 -1122.11
777 24.3046 3581.88
778 -4293.31 2785.76
779 -4794.9 2057.22
780 -898.163 1305.31
781 -2929.12 -254.586
782 2620.42 -66.7803
783 -1003.87 2493.63
784 1620.82 3117
785 1210.5 -4102.61
786 376.905 3495.26
787 -1894.22 -2763.28
788 905.215 -1103.61
789 287.04 2964.36
790 364.754 4149.87
791 4913.18 1654.29
792 2557.44 -69.859
793 2579.94 -3147.4
794 4909.8 -4076.08
795 4377.81 -232.389
796 -3459.67 346.998
797 -2477.05 -3756.14
798 -1618.39 3096.97
799 2805.85 -2194.97
800 1493.74 4687.91
801 2692.03 1619.64
802 4401.43 -1743.46
803 3015.95 -1299.11
804 -4867.04 -3414.65
805 -2889.6 -4483.22
806 -488.338 1647.27
807 -4353.95 -1869.1
808 873.444 -1378.1
809 581.547 4121.72
810 2910.67 1710.68
811 -3192.72 1556.7
812 831.253 3733.74
813 -341.886 -91.2384
814 2507.06 -3000.58
815 2015.27 2647.55
816 4932.24 -2548.14
817 -601.263 -4160.94
818 -2722.88 -797.047
819 -3813.03 2988.75
820 -3599.09 1835.16
821 1825.72 426.986
822 -4272.19 -2474.26
823 81.3199 2928.71
824 3432.6 233.137
825 224.457 4479.08
826 837.492 4178.26
827 2916.84 3692.72
828 -2913.85 3623.74
829 25.0084 -1312.11
830 941.833 1379.98
831 1177.73 894.23
832 -4476.73 -1956.76
833 -4251.28 2779.03
834 -2817.34 -704.548
835 3820.49 -965.713
836 4325.77 3268.59
837 4234.53 -4255.36
838 -3001.07 -4596.43
839 3580.19 -2442.74
840 3357.16 2791.12
841 4148.6 -2701.73
842 3917.96 -4823.07
843 4624 -2164
844 -511.334 -4936
845 1718.41 774
846 3671.75 3775.82
847 -3636.82 1732.01
848 -4054.69 -4096.88
849 2725.28 -2956.35
850 -3603.71 -766.057
851 3631.38 1125.36
852 -2364.9 2276.59
853 743.622 -156.239
854 -4669.38 -3242.27
855 3020.12 -1139.72
856 2859.97 -2848.36
857 1680.67 2296.63
858 1460.55 4335.93
859 -4517.48 901.047
860 1271.53 -4169.34
861 4397.68 4681.76
862 4723.67 -477.204
863 -4743.07 -299.51
864 -2013.53 3301.99
865 -2143.37 3421.67
866 1217.31 -2404.21
867 4931.7 -1157.78
868 4068.3 3058.95
869 4266.18 1420.57
870 -3209.58 822.641
871 -3186.35 -966.125
872 3245.38 -3021.02
873 -1407.77 -485.358
874 -3204.63 -898.957
875 562.163 -4865.56
876 4698.38 -3453.16
877 4269.25 -711.345
878 2244 1795.1
879 -2920.67 4573.19
880 2405.82 -4683.26
881 -4722.27 -2855.64
882 2044.84 737.32
883 -1412.02 -2901.3
884 473.837 2683.06
885 4320.33 -524.949
886 1525.1 4671.37
887 4989.91 -4452.26
888 4827.11 -1235.26
889 -2700.51 -767.811
890 -2667.93 4778.55
891 -3472.57 -1923.02
892 1163.73 643.882
893 4123.53 3757.15
894 -1599.2 1544.09
895 2626.75 1535.08
896 -887.318 -165.406
897 -4350.94 3686.75
898 3299.96 2832.32
899 -2976.67 -3898.39
900 2711.7 964.2
901 -3049.69 3309.7
902 3762.79 3174.46
903 -887.547 1184.24
904 -2989.88 1809.04
905 -3233.1 2138.51
906 4541.96 4430.05
907 1559.12 2622.11
908 1033.01 4381.64
909 3317.99 -2489.29
910 -597.429 -2400.23
911 4230.89 1005.93
912 -2972.71 -2451.16
913 -3784 -1194.25
914 3483 -4127.67
915 4236.21 1351.07
916 -4247.85 566.182
917 4786.18 2590.46
918 1752.08 -978.589
919 2301.45 4059.36
920 -1729.76 -1799.8
921 2482.6 -838.363
922 3975.29 -1062.38
923 -4527.22 -3064.64
924 3841.95 -3172.73
925 -2285.32 377.445
926 -4402.04 -3488.86
927 -4160.55 -1261.8
928 4141.1 1962.53
929 750.385 -1337.34
930 -4844.37 -331.536
931 -4219.83 3720.16
932 3577.28 -3058.98
933 -2997.69 -2793.28
934 -2157.73 2739.78
935 -707.864 -2438.89
936 -3886.1 2855.04
937 -3439.42 1574.57
938 -4795.75 -2959.81
939 -439.153 4517.38
940 -1903.74 -162.349
941 -177.591 2447.69
942 1296.98 2723.73
943 2896.09 -4163.28
944 -2505.08 -574.315
945 -371.37 -338.698
946 4980.89 1828.37
947 -1214.66 -645.661
948 -722.981 -1611.05
949 -619.27 -2569.63
950 -1596.85 2614.28
951 -3684.91 452.653
952 -2842.47 3537.71
953 -2399.08 951.916
954 1901.79 -4764.94
955 -3249.47 4180.28
956 1433.76 -1903.65
957 -1345.71 4115.23
958 4969.15 -1557.68
959 2438.95 -1359.18
960 3241.68 -923.155
961 -246.399 -1471.39
962 3620.41 -2221.31
963 1896.61 -306.427
964 -4985.04 -4022.51
965 4187.45 3837.37
966 3905.52 4828.57
967 1177.8 -3252.02
968 -2970.94 760.245
969 828.96 -807.035
970 1781.01 -2121.82
971 1485.01 30.3583
972 481.961 -884.537
973 -190.141 -3903.33
974 -934.638 3729.49
975 3103.03 -1118.39
976 -3436.58 2843.07
977 4633.68 2314.97
978 -4181.87 744.083
979 -4605.18 1530.51
980 1944.07 3623.59
981 354.327 -2714.71
982 -1119.94 3264.72
983 3281.89 -4183.8
984 466.1 -2095.59
985 -2004.17 -1480.79
986 -3344.88 -2917.04
987 -197.487 1486.29
988 978.67 3195.28
989 -4566.13 -567.338
990 177.569 -3594.78
991 -4982.5 3563.76
992 1673.94 -4481.59
993 4322.77 -1606.71
994 419.014 1807.31
995 1056.82 -3070.15
996 346.981 -1969.1
997 3259.93 -1023.96
998 1899.08 -278.411
999 3565.59 2298.5
1000 1217.17 1118.68
1001 -2561.81 1395.27
1002 2339.34 2841.18
1003 -722.12 3320.65
1004 -2247.41 3464.62
1005 4277.83 -4533.92
1006 -1122.45 2149.42
1007 -90.3619 5005.56
1008 1917.07 4646.96
1009 -4620.01 4440.54
1010 286.659 -171.14
1011 2254.22 3331.42
1012 -441.538 -1247.82
1013 4947.15 394.672
1014 -4425.58 3738.26
1015 4522.18 -3791.26
1016 2142.31 -619.983
1017 4058.54 709.539
1018 -1251.93 2902.66
1019 -939.306 -4422.23
1020 4624.24 -4141.03
1021 1576.91 -4137.06
1022 -141.873 4418.5
1023 1099.34 817.665
1024 -372.479 638.58
1025 1031.51 -1564.11
1026 2366.92 1468.2
1027 3915.19 3406.22
1028 -2056.74 -1872.2
1029 3965 3368.77
1030 -3320.4 2709.72
1031 260.61 2815.27
1032 -4849.1 4513.61
1033 -715.734 -427.099
1034 -142.591 2875.28
1035 -123.483 3617.42
1036 4522.6 -895.5
1037 -806.653 2593
1038 1872.28 4527.26
1039 3404.31 3984.62
1040 -3729.39 -3306.83
1041 986.863 -1338.04
1042 -2334.79 1222.25
1043 2542.67 -4781.2
1044 2977.03 1286.95
1045 -4591.69 29.0472
1046 -4092.34 1830.25
1047 -3613.88 2718.23
1048 1183.88 1112.26
1049 1149.82 1459.7
1050 3723.27 -3874.69
1051 3966.89 -1870.12
1052 -590.919 4793.12
1053 -4465.1 -2091.47
1054 -2305.96 1549.14
1055 3256.71 2743.36
1056 2322.54 -1202.08
1057 1543.26 3745.12
1058 1229.17 1385.99
1059 -3804.41 2068.55
1060 1125.41 -3793.9
1061 1017.45 2809.96
1062 -1846.7 4112.49
1063 78.7124 1851.64
1064 272.132 -3421.83
1065 4233.94 107.105
1066 2422.94 3877.36
1067 -4812.49 -4879.72
1068 354.769 -2734.74
1069 -4425.48 4445.25
1070 4198.48 2395.37
1071 -1375.02 664.38
1072 -2651.09 -4191.75
1073 -4457.49 2613.35
1074 2205.09 2093.05
1075 4469.46 2625.69
1076 -1995.05 3670.57
1077 -1001.4 4468.48
1078 2291.38 366.525
1079 134.657 1422.5
1080 1517.77 1160.55
1081 -338.499 -384.278
1082 2093.52 -4866.82
1083 -1067.53 -4133.59
1084 -2538.65 3731.1
1085 851.013 -4898.28
1086 2300.21 1815.51
1087 -947.07 -3348.81
1088 -11.9581 -651.923
1089 2452.25 4479.56
1090 3781.22 1254.53
1091 -1446.99 854.677
1092 -1756.63 -2747.04
1093 4202.86 -1955.27
1094 1257.17 -799.2
1095 -3174.4 -2029.2
1096 3072.9 -2083.48
1097 -4857.1 4369.29
1098 2993.49 -3245.89
1099 2168.5 -2981.28
1100 -117.674 4186.88
1101 -571.314 3080.22
1102 -2984.81 2316.89
1103 -4360.26 4880.87
1104 -2113.29 3888.63
1105 -1794.37 -1081.98
1106 3205.94 4620.5
1107 1193.71 -3987.1
1108 -4481.57 3394.99
1109 -2032.55 -3077.44
1110 2086.72 -2918.18
1111 2078.86 3370.12
1112 2121.12 2672.62
1113 4954.66 -925.913
1114 -598.548 3378.33
1115 3419.85 481.885
1116 -4159.73 1438.6
1117 -4022.63 1925.57
1118 -2640.16 4265.51
1119 1040.86 4862.89
1120 -2196.17 -3330.37
1121 -4618.06 -4232.08
1122 1808.4 -4262.15
1123 -3308.36 2711.39
1124 2619.05 1285.68
1125 -1764.59 4828.68
1126 -4142.89 -1724.92
1127 -683.18 4786.41
1128 4995.71 4102.09
1129 -102.404 -1239.58
1130 -343.231 -2557.91
1131 2745.49 3512.95
1132 2649.27 1098.91
1133 1733.03 -4514.28
1134 -3528.37 -4175.2
1135 -513.181 1439.69
1136 -4432.01 -2240.66
1137 3065.36 -4769.61
1138 4958.18 -4026.61
1139 905.004 833.196
1140 1363.87 2942.56
1141 -484.978 -4287.71
1142 -2274.42 4822.89
1143 3558.45 4679.52
1144 -3019.14 3707.28
1145 -2620.11 -1258.56
1146 -3820.15 -738.499
1147 1820.7 -1338.68
1148 -3346.61 1589.93
1149 4456.84 -2087.63
1150 1507.85 2957.18
1151 -3216.19 4707.9
1152 -3980.43 73.9222
1153 -3034.08 -2230.01
1154 2085.6 4490.73
1155 1265.84 -4384.7
1156 2623 3231.4
1157 2880.67 3926.66
1158 -3129.89 -3394.37
1159 1357.77 841.363
1160 2512.29 -4221.85
1161 1354.33 4652.81
1162 -4589.05 -3131.69
1163 3855.52 3791.22
1164 3268.53 4201.34
1165 -1515.43 3691.75
1166 3726.86 -537.782
1167 254.011 156.557
1168 3108.37 -702.571
1169 -720.228 4194.11
1170 -3297.96 -1688.43
1171 -3217.22 -2452.04
1172 -3663.74 -194.16
1173 -4068.64 4067.27
1174 -3390.58 1343.56
1175 864.498 -3621.63
1176 -4965.25 -2586.83
1177 2339.2 2473.95
1178 -2068.33 -3805.23
1179 3616.55 2098.64
1180 -3020.37 2970.77
1181 4741.23 -2435.11
1182 -1592.55 -3061.87
1183 -1165.04 -1472.35
1184 -164.937 3942.14
1185 -1191.73 -4406.43
1186 -3621.26 2196.87
1187 -2000.49 2474.12
1188 1555.6 3107.75
1189 2893.13 1093.65
1190 4222.98 4533.17
1191 1764 -290.985
1192 -2894.86 -1461.27
1193 -2601.06 -1553.2
1194 -1696.25 949.642
1195 -2554.53 2073.47
1196 1343.48 4763.71
1197 672.369 4689.21
1198 4929.48 4781.82
1199 2979.86 -4102.93
1200 -1748.47 -4652.08
1201 938.312 3422.95
1202 2727.94 -1215.86
1203 -2983.99 1569.98
1204 -3678 -3553.11
1205 4456.64 247.549
1206 1109.81 -530.051
1207 -4702.67 4565.7
1208 269.734 1869.1
1209 183.498 -822.347
1210 -4810.31 2620.07
1211 3219.96 -2481.44
1212 -1073.16 -725.181
1213 353.099 415.723
1214 -3287.38 226.711
1215 4737.3 3633.4
1216 -540.038 -2375.6
1217 -2437.71 -601.555
1218 1462.69 -1489.54
1219 -2452.38 1264.45
1220 -2211.69 -4118.44
1221 -2021.94 -2885.22
1222 2771.18 -2692.29
1223 4321.52 -7.43767
1224 -4794 2967.09
1225 888.035 1534.41
1226 1332.72 571.866
1227 412.41 -2430.54
1228 1427.99 -993.982
1229 4332.5 491.795
1230 1238.85 -1693.88
1231 -2268.16 -1562.73
1232 3673.12 -2232.15
1233 -2841.25 -4419.11
1234 2316.13 -389.957
1235 4804.75 3360.63
1236 2137.01 338.243
1237 -2660.01 -2456.34
1238 -1312.09 -3022.27
1239 3188.04 328.874
1240 1622.63 183.41
1241 -3706.15 2749.34
1242 3496.54 1928.89
1243 51.8372 -3384.4
1244 -425.746 -732.239
1245 -234.519 947.321
1246 68.4167 1870.52
1247 -2916.3 2324.74
1248 133.771 -4497.2
1249 4812.05 4313.34
1250 -877.214 -1884.2
1251 -4406.24 4933.39
1252 4642.13 1550.75
1253 2930.55 -2274.64
1254 2442.15 -4770.03
1255 -2154.73 -4774.64
1256 -1682.33 4696.97
1257 -292.246 296.909
1258 2525.89 1672.46
1259 4722.92 4438.81
1260 3144.81 -1841.9
1261 412.776 -1884.67
1262 -1216.13 1588.72
1263 -431.509 2623.03
1264 -2883.51 3402.87
1265 2090.84 -1718.3
1266 -242.992 -2101.33
1267 -1702.35 -1608.22
1268 -372.944 4001.98
1269 1802.48 4175.37
1270 1695.91 -3347.88
1271 -4183.67 -293.069
1272 3081.01 494.294
1273 1021.78 2055.04
1274 3365.03 2562.86
1275 -1435.23 -3925.83
1276 1009.41 -3376.41
1277 -3479.67 -1327.71
1278 -2892.41 -4072.4
1279 3417.48 1973.26
1280 2046.15 -3111.92
1281 -2809.47 456.205
1282 -3846.1 667.371
1283 2833.21 1437.55
1284 467.303 -4937.84
1285 -2525.05 3710.82
1286 -1867.75 3610.56
1287 -3838.75 4030.9
1288 2871.89 4331.63
1289 -3285.91 -3874.92
1290 4940.51 -4822.49
1291 -2706.57 1910.38
1292 1067.79 -1560.36
1293 4920.53 -422.205
1294 -1256.38 1192.43
1295 -1462.39 -1710.5
1296 1297.59 4128.79
1297 4852.65 4149.64
1298 4310.52 -4131.34
1299 694.151 -2894.27
1300 -391.937 4870.63
1301 113.248 3432.89
1302 -2445.34 -3711.22
1303 -486.111 3787.84
1304 3621.69 -4149.3
1305 -231.629 971.538
1306 318.088 -2066.55
1307 -1820.03 -2391.2
1308 311.222 128.307
1309 -949.631 -1886.32
1310 1515.21 1446.18
1311 -3708.51 4859.45
1312 416.894 -3838.57
1313 -3657.58 2996.98
1314 4302.26 828.586
1315 4949.55 3704.64
1316 -1394.87 -3586.89
1317 -3633.33 805.555
1318 -232.3 2729.6
1319 -1934.99 -58.3724
1320 350.85 -2535.51
1321 -226.493 -4618.89
1322 -3395.41 -2995.8
1323 71.4515 4164.4
1324 4800.63 1100.49
1325 -1126.74 1886.42
1326 -2733.02 -1390.08
1327 -302.273 262.863
1328 3920.4 -3208.13
1329 -467.28 877.895
1330 267.074 650.025
1331 183.844 4914.95
1332 -2034.19 -4534.04
1333 -507.533 3576.27
1334 -1343.94 -1287.38
1335 -4419.57 -1330.58
1336 -2828.67 4411.44
1337 2884.53 -1575.13
1338 4908.2 -3557.4
1339 3330.31 -2095.8
1340 -392.446 3495.6
1341 917.857 -1216.21
1342 1924.62 2443.68
1343 3269.66 -1666.32
1344 -4544.64 2653.57
1345 -1158.97 2033.93
1346 382.446 -1725.78
1347 2617.45 -289.038
1348 -2633.23 591.345
1349 -669.03 -205.004
1350 2205.48 -2122.93
1351 -2637.74 1541.35
1352 -2793.72 4699.74
1353 1781.98 -523.907
1354 496.319 -1940.78
1355 -26.2712 409.729
1356 -1084.36 2340.64
1357 -1741.39 -2961.44
1358 -4506.97 444.634
1359 3136.64 -1661.45
1360 -2300.36 3228.52
1361 -4729.66 1030.72
1362 -3113.08 4441.4
1363 -54.1475 2320.53
1364 -4483.79 3221.13
1365 2230.17 -2144.56
1366 2421.54 1679.6
1367 327.046 -4599.76
1368 2708.56 -755.448
1369 -4248.37 -1728.49
1370 2658.32 1522.4
1371 3476.4 -1345.4
1372 -4062.38 -4549.46
1373 555.515 -4794.61
1374 1999.98 -2031.68
1375 -3076.36 4717.38
1376 2381.67 765.693
1377 -3650.21 2736.39
1378 -3860.53 -2311.7
1379 1521.12 2363.91
1380 152.908 -2426.13
1381 1122.34 -3565.86
1382 -4608.51 -645.668
1383 2888.24 2403.12
1384 4921.3 1670.18
1385 605.976 4791.59
1386 4703.4 4278.83
1387 -1053.15 4866.29
1388 2997.43 3409.33
1389 4054.07 2082.37
1390 -408.727 -1811.37
1391 3872.27 -2657.24
1392 340.197 324.1
1393 -3805.96 2301.91
1394 -1519.54 4391.87
1395 -1830.54 4734.94
1396 -1914.66 677.581
1397 -4474.08 4531.37
1398 1242.71 -2005.36
1399 -4945.95 59.0512
1400 4219.14 -1531.47
1401 -1258.79 -601.889
1402 4061.21 1593.88
1403 3010.81 -3415.61
1404 1429.29 -291.65
1405 1505.3 -3149.24
1406 395.266 2077.84
1407 4777.95 1340.88
1408 1424.86 -191.169
1409 -4517.06 -4757.7
1410 -1650.56 -1294.72
1411 2354.6 -339.882
1412 -4765.91 2347.85
1413 1505.75 1488.73
1414 4203.02 2451.67
1415 -1591.35 1110.42
1416 -32.9756 -1060
1417 -898.827 2718.11
1418 2202.78 -3450.26
1419 3907.86 -3317.05
1420 1658.62 546.847
1421 2266.67 -1004.78
1422 680.162 -1574.35
1423 1992.71 -2869.39
1424 4576.19 -64.9803
1425 1422.51 -2684.59
1426 4267.95 2660.99
1427 -1965.6 2639.87
1428 -3450.87 -4751.83
1429 1650.67 -3107.24
1430 2521.01 -4566.3
1431 -3928.09 3713.5
1432 640.79 -4807.68
1433 -2785.67 -4279.46
1434 4679.54 68.8079
1435 1394.77 3368.42
1436 3161.16 -4986.81
1437 2260.24 -1717.03
1438 754.912 3820.44
1439 -575.458 505.013
1440 -2214.96 4164.48
1441 -2156.07 4661.92
1442 -1182.95 -3971.11
1443 783.012 4506.96
1444 -3988.37 4870.87
1445 -4804.02 693.146
1446 -1454.01 -2551.39
1447 2759.66 1236.32
1448 3766.26 2142.62
1449 -4865.67 -362.195
1450 1063.09 829.407
1451 -3176.64 120.233
1452 4482.91 4983.35
1453 3914.51 4804.94
1454 4949.21 2668.36
1455 2536.51 2508.92
1456 -1887.18 -1112.76
1457 -4916.04 3685.32
1458 -1420.52 -3562.45
1459 -2290.35 1447.78
1460 -3306.64 -525.042
1461 -2136.62 3161.19
1462 -1332.27 -3178.31
1463 4701.87 2441.73
1464 -4059.53 -2485.57
1465 1541.9 -3914.56
1466 -4973.92 -4651.17
1467 3060.84 -4269.21
1468 3221.09 -4879.72
1469 -3717.41 -1025.69
1470 1732.6 -2786.42
1471 -1592.96 -459.566
1472 1691.56 3183.06
1473 66.0668 1132.88
1474 4298.1 -686.402
1475 -2480.2 4881.37
1476 776.674 149.79
1477 1958.9 4852.84
1478 3337.06 -323.352
1479 -254.266 1364.01
1480 2831.05 1861.31
1481 1602.05 -3058.21
1482 4281.89 -1996.67
1483 4590.69 4326.7
1484 -3956.48 2917.6
1485 4964.64 1528.59
1486 3536.57 -2540.72
1487 -4408.86 3292.19
1488 3684.49 -962.824
1489 -3721.99 4074.98
1490 675.614 -2118.9
1491 414.644 1620.08
1492 -585.76 790.488
1493 -3625.61 -3374.04
1494 -2935.07 -65.4106
1495 -2746.21 -2668.01
1496 -884.388 -1456.49
1497 -2894.68 4409.29
1498 624.077 886.327
1499 -2569.46 -4653.67
1500 -1311.7 -1285.3
1501 2104.78 3467.54
1502 -3027.84 1306.06
1503 4278.9 788.26
1504 -1675.77 1225.46
1505 3774.02 -175.466
1506 -3423.31 3203.42
1507 -1789.91 3730.13
1508 2889.61 -1857.78
1509 -3451.59 -297.517
1510 -1557.25 -624.378
1511 -1836.65 -4953.16
1512 -1416.72 3730.1
1513 -3630.73 991.937
1514 -93.0946 3989.28
1515 -844.173 3522.26
1516 -4036.16 -4379.93
1517 -3585.78 -3845.68
1518 2592.06 4372.3
1519 -3824.85 4326.62
1520 -1024.2 -2709.52
1521 -867.117 -3901.51
1522 4826.45 4160.74
1523 4298.66 -1370.47
1524 516.943 1697.14
1525 4464.17 -4452.85
1526 123.59 -2422.71
1527 -4991.7 4463.34
1528 4093.48 -3602.56
1529 4276.09 -441.881
1530 2025.72 -4917.97
1531 -1064.47 -1080.56
1532 1670.65 -429.258
1533 3189.36 1235.25
1534 -4871.82 154.727
1535 4602.54 1558.54
1536 -2046.99 -2376.37
1537 -4439.83 856.044
1538 2429.53 -2607.78
1539 3567.93 -989.838
1540 701.291 3835.61
1541 -1309.93 -4012.17
1542 -1179.95 1896.12
1543 1857.9 868.317
1544 -2464.7 -1668.36
1545 2273.49 3218.73
1546 955.987 -266.945
1547 -2523.87 -3083.6
1548 -1202.28 -689.265
1549 4271.53 699.49
1550 3274.42 -70.9626
1551 4376.63 -4572.04
1552 -3298.52 -4556.42
1553 2787.25 2399.8
1554 332.239 -2564.6
1555 2541.14 2897.52
1556 858.002 -313.477
1557 4341.85 3175.57
1558 -4734.54 -2474.53
1559 4316.79 4883.12
1560 -129.73 4165.79
1561 -1585.01 -4571.89
1562 4733.94 1348.32
1563 -2962.05 -1835.33
1564 -733.554 -3606.81
1565 -1931.54 -3160.09
1566 -135.811 2788.38
1567 1951.11 4192.71
1568 -4263.2 -3242.17
1569 -2910.49 -644.174
1570 3621.02 -3435.06
1571 -722.79 3629.16
1572 -2466.98 -2773.03
1573 3138.67 -476.119
1574 4314.85 -2521.42
1575 -415.058 2401.18
1576 1109.29 1280.58
1577 -2780.05 -35.9578
1578 -4543.76 1131.81
1579 1458.5 -1311.57
1580 4148.54 -4801.16
1581 -466.572 2211.94
1582 1732.57 -4336.63
1583 -4746.79 1402.39
1584 4606.4 382.109
1585 1349.66 632.701
1586 1443.38 4874.79
1587 3351.04 -124.081
1588 -3737.12 -2778.36
1589 3287.61 -2229.63
1590 4862.45 2564.94
1591 -3561.35 4669.78
1592 374.175 -53.8679
1593 -106.459 906.517
1594 -718.465 -1893.78
1595 -3870.54 -233.906
1596 3524.76 2897.25
1597 224.929 -265.58
1598 -165.527 3264.48
1599 3867.94 -4019.2
1600 1926.16 -2040.28
1601 4955.34 -4537.25
1602 -3053.35 335.435
1603 -4007.4 -4417.16
1604 1735.34 3264.05
1605 -360.829 1015.46
1606 -136.154 1433.29
1607 -4810.44 -1771.38
1608 -4202.69 3200.18
1609 4085.56 2659.28
1610 -3573.24 -887.734
1611 -1980.33 -1951.88
1612 -3391.38 -475.023
1613 -1812.43 2649.04
1614 -874.131 -1861.57
1615 -1146.43 2105.34
1616 -4615.62 3962.5
1617 3939.39 3401.44
1618 -2560.17 -1322.76
1619 -91.8775 27.3321
1620 -2412.19 1774.7
1621 3551.48 2622.39
1622 -3644.62 530.46
1623 -2274.71 4911.58
1624 4602 -3132.26
1625 4092.51 -110.791
1626 1191.14 -1211.87
1627 -4327.83 -4561.43
1628 1583.29 -2152.61
1629 -1868.8 4481.22
1630 -1316.83 631.22
1631 2905.88 -715.449
1632 1719.98 -4390.13
1633 800.803 4306.15
1634 4191.75 3427.72
1635 -581.085 -2200.51
1636 -3370.75 1963.55
1637 2946.68 -3742.45
1638 -4626.45 4081
1639 -2531.78 1904.61
1640 3061.85 -336.741
1641 716.153 -2354.3
1642 1914.33 -429.338
1643 -853.455 -825.214
1644 -4237.44 3518.08
1645 1251.46 -941.379
1646 1583.22 -1113.71
1647 235.37 2342.1
1648 -3258.77 3010.4
1649 4664.68 -1621.09
1650 2592.29 -4027.55
1651 401.957 -1196.69
1652 658.869 -4152.2
1653 2333.33 -4048.62
1654 2096.17 4167.84
1655 -542.989 1686.95
1656 -3499.28 3028.79
1657 1363.73 1242.22
1658 995.846 1775.38
1659 97.4575 1846.79
1660 -4509.2 4958.84
1661 -4690.48 572.929
1662 -4956.36 -1093.95
1663 -3371.75 1394.01
1664 -4672.07 -940.374
1665 1220.43 -3935.71
1666 2111.48 -4524.33
1667 249.899 -1764.25
1668 585.9 -1706.77
1669 2785.83 -4004.09
1670 -4279.38 671.678
1671 246.008 2031.43
1672 -665.671 1274.3
1673 -11.9623 -3665.59
1674 4937.14 3474.32
1675 1715.85 1317.9
1676 -3796.7 3438.46
1677 4692.71 3458.06
1678 283.39 4450.67
1679 -533.322 1929.01
1680 1431.06 -578.079
1681 2664.21 -1830.03
1682 -3779.6 -1060.33
1683 -2028.93 -3373.84
1684 -3668.63 -3086.84
1685 1923.5 1047.55
1686 -473.753 1292.15
1687 -2035.39 -3956.14
1688 -4952.25 1517.95
1689 -2892.33 -1117.67
1690 4238.6 539.433
1691 -1172.56 724.997
1692 2365.61 2975.75
1693 252.63 2511.98
1694 2600.95 -2862.53
1695 -2391.79 4669.69
1696 -2009.59 2649.86
1697 -2162.93 -4173.52
1698 2491.19 1144.51
1699 4150.06 -161.911
1700 -3074.01 2210.08
1701 3931.75 -3994.78
1702 831.906 1526.38
1703 2298.48 2143.04
1704 -3862.74 3666.43
1705 -212.644 -4872.72
1706 3502.58 -3320.51
1707 -2285.5 -1382.93
1708 -2465.78 475.94
1709 -492.073 2835.18
1710 1375.58 -3636.36
1711 1586.04 -4308.65
1712 -2881.85 43.6338
1713 2066.81 428.101
1714 2555.49 4748.29
1715 865.644 -1012.56
1716 431.69 -2546.54
1717 -438.444 -3849.02
1718 1037.22 4689.51
1719 4528.69 4081.04
1720 4190.35 473.705
1721 1676.45 1655.88
1722 1411.27 3442.24
1723 -3706.22 -1222.72
1724 4296.18 -4386.96
1725 -3537.53 -188.71
1726 8.16279 -616.765
1727 3408.77 -3597.15
1728 -83.5276 -4268.38
1729 -2714.77 3751.62
1730 2115.78 132.895
1731 1793.46 544.04
1732 3980.68 -1258.42
1733 -3890.62 -2949.38
1734 -4416.85 1935.08
1735 -2528.65 862.635
1736 -116.713 -2557.1
1737 2970.41 -4624.59
1738 668.526 152.879
1739 4039.23 301.772
1740 4329.16 869.916
1741 1705.65 -792.327
1742 -4001.16 1208.95
1743 -3319.06 3485.46
1744 -3442.47 -3288.96
1745 1971.47 -2203.05
1746 896.883 -4423.34
1747 2224.51 -3710.54
1748 3795.45 4960.93
1749 -2522.47 4552.48
1750 4030.82 2174.67
1751 -4520.86 -3134.14
1752 2905.05 2965.01
1753 450.533 3479.05
1754 -1922.58 3955.58
1755 1938.92 -2341.22
1756 -1659.49 1596.4
1757 2412.38 -2986.39
1758 889.711 4671.55
1759 -3437.2 -1065.98
1760 -3714.38 2686.39
1761 1188.38 4968.1
1762 2741.65 -2911.04
1763 -1095.11 3320.38
1764 -4889.96 -2174.99
1765 4074.14 4867.41
1766 -78.511 2178.23
1767 4540.45 1742.96
1768 2054 -1821.95
1769 -2576.97 3500.66
1770 4462.99 -208.652
1771 2616.92 591.325
1772 -3829.71 -4129.47
1773 2283.08 -417.252
1774 302.397 479.258
1775 -210.074 96.6378
1776 -2565.91 -3709.6
1777 -3473.57 -2109.37
1778 -4485.01 -1424.93
1779 236.958 4024.36
1780 2268.73 1877.35
1781 2931.92 4490.91
1782 897.755 -3486.85
1783 2137.79 457.65
1784 -4820.91 -2890.55
1785 3781.45 3238.47
1786 4729.83 440.778
1787 213.591 4113.9
1788 -3372.33 4659.81
1789 1624.01 3591.24
1790 3919.58 -2940.44
1791 4633.91 -405.863
1792 -2652.18 2864.6
1793 -3839.88 -384.9
1794 1172.91 1683.68
1795 -3861.57 -3896.26
1796 -1354.16 4448.15
1797 -2429.95 240.415
1798 -1317.02 -2453.89
1799 -2669.42 3347.83
1800 -858.574 -3485.45
1801 -3997.86 853.537
1802 -2116.46 -3498.7
1803 424.64 -1364.81
1804 -2327.63 1697.78
1805 -2753.07 -4001.61
1806 -4535.31 737.393
1807 961.076 -4619.39
1808 2482.26 637.824
1809 4826.84 3371.51
1810 -4309.33 -4078.44
1811 -1917.29 2593.86
1812 -3293.15 -4284.46
1813 -1846.18 -762.911
1814 -939.635 -4499.39
1815 773.898 -4036.22
1816 -69.4696 -3983.42
1817 -2930.02 4810.04
1818 -3069.48 -3630.38
1819 520.54 -183.125
1820 -3764.64 3548.05
1821 2570.07 4066.94
1822 2721.91 -4404.54
1823 193.764 701.784
1824 -1677.44 607.428
1825 3824.52 2821.65
1826 -834.849 -1425.25
1827 -841.427 1841.81
1828 -2071.53 -1392.62
1829 1332.84 -1075.07
1830 1834.46 -1640.54
1831 4658.2 -750.023
1832 2568.07 -1953.28
1833 -3426.44 3855.6
1834 -1021.81 -3760.41
1835 -651.339 -1326.7
1836 -1601.82 -439.097
1837 -2424.38 -4577.87
1838 -2404.76 3536.33
1839 -4708.28 4123.56
1840 -593.701 -3400.72
1841 993.026 1858.37
1842 -4286.59 4786.44
1843 3971.06 -2510.49
1844 2917.09 -1062.1
1845 403.738 -2948.92
1846 909.949 1942.88
1847 2729 -577.027
1848 1145.71 -2195.39
1849 668.233 -2919.63
1850 -4806.79 124.042
1851 -2688.87 1492.1
1852 -747.339 1976.05
1853 -1227.16 -2027.01
1854 -4009.63 4298.22
1855 787.752 -426.55
1856 -600.189 -4733.78
1857 794.579 4746.32
1858 3514.15 -2562.74
1859 -1300.32 -1488.78
1860 1289.39 -4709.54
1861 -4872.84 1686.1
1862 4232.59 -111.133
1863 308.409 -1967.09
1864 -1174.02 3358.14
1865 2033.92 3878.86
1866 784.505 -126.758
1867 -3653.66 -105.497
1868 2961.55 -4259.81
1869 -743.818 -88.3532
1870 -2106.9 -4581.4
1871 2811.17 -3799.67
1872 941.253 -3949.44
1873 4172.18 -3990.42
1874 4824.38 -2672.27
1875 1060.82 -845.785
1876 1773.86 -943.667
1877 1911.38 1203.1
1878 3848.25 3634.7
1879 4293.58 1943.21
1880 -2198.26 -4438.13
1881 -63.3134 3946.57
1882 -4959.77 -4864.48
1883 7.77703 794.417
1884 2757.57 -1331.14
1885 -1294.67 -207.535
1886 -2650.6 2214.22
1887 -1013.03 -1475.89
1888 -4201.23 1202.17
1889 -1305.64 497.824
1890 -4015.99 2955.22
1891 405.646 -980.96
1892 2088.99 4455
1893 3688.41 4278.92
1894 -4196.72 2434.47
1895 3117.05 3290.28
1896 -622.959 -1918.68
1897 228.43 -2696.34
1898 1290.19 3358.19
1899 3344.57 -3521.27
1900 925.264 1405.49
1901 3306.1 -3545.84
1902 2486.88 -2101.93
1903 -1423.57 -3622.29
1904 4772.01 -4181.76
1905 -1543.94 3421.71
1906 -2666.93 715.447
1907 -2438.42 3019.53
1908 -916.46 -1486.77
1909 -43.3598 -67.0873
1910 285.962 3361.59
1911 -3212.66 -437.094
1912 3846.52 -2612.53
1913 -4733.44 4273.75
1914 -3015.64 -174.001
1915 3041.55 4468.53
1916 -1161.45 -2618.9
1917 -4130.79 -942.038
1918 -4527.01 3422.42
1919 2355.61 4906.99
1920 -2250.61 -2214.3
1921 4157.77 255.642
1922 3351.43 4782.81
1923 4971.44 1362.21
1924 -1361.89 1087.54
1925 -3239.37 -2531.49
1926 1463.82 1286.57
1927 -3130.77 3564.37
1928 674.202 2801.05
1929 4034.31 -4477.66
1930 3573.42 -2398.55
1931 -2700.51 -2344.25
1932 -3097.14 2836.18
1933 -4287.59 -2932.05
1934 2536.24 -2443.33
1935 2656.53 4531.13
1936 3632.68 -2201.56
1937 3004.87 -3222.83
1938 2520.03 -2871.47
1939 -3386.92 -452.529
1940 -4277.64 4801.43
1941 -3250.16 -3468.97
1942 -2394.57 -1101.09
1943 -3498.03 3390.35
1944 -1744.07 -3590.55
1945 2039.53 1979
1946 -3411.76 -2393.36
1947 -4125.44 4188.07
1948 4613.91 -3162.45
1949 -1242.21 251.933
1950 3984.97 -3089.88
1951 3426.25 1021.98
1952 451.483 -641.405
1953 -1211.73 -892.116
1954 -2599.47 -2436.27
1955 -1919.34 -1552.2
1956 4318.07 -4834
1957 -900.454 -2969.82
1958 1080.43 -3274.12
1959 381.099 2449.15
1960 4178.75 3150.14
1961 1337.1 4916.14
1962 -4378.7 -1479.81
1963 118.903 -2395.72
1964 478.029 1242.1
1965 -2526.48 -1259.75
1966 4189.48 -4092.01
1967 108.462 -4554.42
1968 -4752.16 -1183.5
1969 1885.93 3671.29
1970 4635.67 3716.37
1971 -3555.7 4189.88
1972 -2503.91 422.4
1973 -429.14 -762.469
1974 -1762.04 3072.79
1975 4777.81 -536.658
1976 -5001.84 726.618
1977 586.515 -4091.64
1978 4345.27 -3100.6
1979 2899.1 -3341.98
1980 2152.12 753.107
1981 873.34 2926.98
1982 1559.31 -3244.32
1983 -237.804 4200.35
1984 4134.4 -4709.01
1985 -780.221 -2785.97
1986 4907.4 1012.77
1987 408.577 -1767.24
1988 -2580.6 1677.84
1989 450.103 3709.06
1990 -430.538 4082.71
1991 -2521.95 -1492.18
1992 -3617.29 -287.843
1993 4993.4 -3124.44
1994 492.311 -2959.79
1995 -1261.36 -4485.62
1996 -3756.3 2843.26
1997 4576.47 3528.73
1998 -1411.66 -482.209
1999 981.246 -1022.3
2000 2292.85 729.134
2001 4258.52 -3232.9
2002 2979.94 2677.62
2003 214.661 -2631.23
2004 -4739.35 2828.97
2005 629.425 1302.31
2006 -434.713 3657.99
2007 -2115.3 -1109.52
2008 3030.32 3427.31
2009 -3691.41 -1.37791
2010 -4183.13 1116.34
2011 3596.67 3593.25
2012 -1468.52 -2147.45
2013 727.67 1565.55
2014 1820.16 2006.98
2015 3956.3 -3217.39
2016 3997.64 -95.0191
2017 -2924.26 -296.893
2018 -2343.26 -226.356
2019 -2341.22 3684.15
2020 1303.4 599.742
2021 -4453.2 3259.84
2022 -3182.55 3597.5
2023 -3064.35 -4686.89
2024 -1270.79 -1919.16
2025 2869.35 -2197.22
2026 -3826.15 -941.041
2027 -4913.8 -4374.62
2028 3784.17 -1110.51
2029 -1961.87 -1579.38
2030 1894.59 -89.809
2031 352.508 -66.9256
2032 2531.97 402.009
2033 4231.49 3698.7
2034 1823.23 1161.66
2035 -3886.85 4576.59
2036 4861.82 4523.22
2037 -2814.28 1025.75
2038 3998.41 3460.01
2039 -2836.12 -2269.82
2040 -3700.92 2630.33
2041 -422.729 3096.11
2042 1497.66 -1321.5
2043 2358.64 1657.54
2044 -4139.24 1890.8
2045 1783.95 -4299.45
2046 3461.8 -3318.21
2047 3511.89 -3920.57
2048 270.863 2590.99
2049 -1049.62 -3266.93
2050 2404.35 3500.82
2051 506.583 2741.1
2052 4320.64 -3080.53
2053 4135.2 -3552.04
2054 -2218.94 620.821
2055 2599.58 1449.13
2056 -2330.34 -1099.95
2057 -2139.04 -950.803
2058 -4256.52 -4477.45
2059 -3881.36 -2913.26
2060 -2308.24 -4379.52
2061 3827.07 -4585.8
2062 -4725.57 3636.89
2063 -1729.36 -1853.17
2064 -1360.37 -308.769
2065 943.205 -2910.26
2066 426.11 1308.04
2067 -2680.51 -3785.25
2068 -2864.79 2957.69
2069 1509.77 1637.76
2070 -1060.94 254.213
2071 -1093.86 -2949.59
2072 3802.17 1444.02
2073 -4246.67 -883.304
2074 -3071.25 2997.97
2075 -1372.57 2585.73
2076 1237.97 1592.3
2077 2574.3 -165.259
2078 107.748 -151.688
2079 1041.82 4392.21
2080 -1845.82 -2309.78
2081 -3493.45 3413.86
2082 954.948 -3101.69
2083 4634.25 -1656.79
2084 -187.908 594.035
2085 969.485 -951.287
2086 2306.82 -4607.48
2087 3245.09 468.336
2088 4706.89 -2277.08
2089 -2185.34 -2964.23
2090 -2810.47 2328.15
2091 3742.23 4138.39
2092 -2449.53 4226.39
2093 2959.55 1536.99
2094 4855.3 2227.59
2095 -206.727 -1574.53
2096 -1639.29 -4556.94
2097 -1517.18 4594.61
2098 3098.37 345.262
2099 2023.28 -2224.59
2100 -2092.79 634.132
2101 801.145 1418.4
2102 -3221.14 -3153.57
2103 4411.8 2949.61
2104 -514.073 -2033.12
2105 -4791.4 -3072.97
2106 2643.84 2496.06
2107 -3145.29 3062.51
2108 -3268.44 691.992
2109 -3438.72 3460.42
2110 432.304 -4476.02
2111 4069.41 -908.975
2112 -2123.37 4553.69
2113 -3681.25 -116.578
2114 64.0062 -399.4
2115 717.768 -1524.5
2116 -3911.69 -3349.12
2117 -4184.77 1826.94
2118 -4688.91 3224.09
2119 2718.2 994.216
2120 -3708.31 -4786.99
2121 -4373.54 3154.21
2122 3549.56 382.149
2123 4934.03 -4031.12
2124 -2046.17 966.586
2125 1443.83 -1193.92
2126 1814.73 2265.43
2127 4989.1 604.735
2128 4369.94 -486.384
2129 -3991.59 -1163.64
2130 -899.441 393.473
2131 3423.34 -299.123
2132 -1966.57 -4974.3
2133 -2650.12 3617.89
2134 4919.84 1011.71
2135 11.0157 -3524.57
2136 2328.09 -4692.44
2137 3318.96 418.664
2138 4165.58 604.883
2139 -3537.4 4782.14
2140 -539.839 -2105.07
2141 2257.31 1120.02
2142 -1940.71 2777.31
2143 -4812.49 2456.67
2144 4638.64 -2457.72
2145 50.7617 1311.41
2146 1517.16 -3708.6
2147 4441.61 -3958.05
2148 -3489.09 -4972.68
2149 3367.54 517.628
2150 -3299.31 4435.06
2151 -206.16 -3459.87
2152 3867.8 -3055.63
2153 -877.193 3745.47
2154 2851.27 -4359.19
2155 1580.63 -3241.57
2156 -1495.07 -2929.08
2157 237.091 4229.89
2158 2282.85 -4756.62
2159 -1104.54 -490.411
2160 4431.91 -1231.45
2161 -2390.6 -2530.62
2162 2703.09 -1359.15
2163 -330.744 -2597.31
2164 3360.27 -1365.83
2165 -1623.84 -3484.02
2166 -4207.91 -4444.13
2167 -2974.97 3707.23
2168 -3724.68 1585.17
2169 450.596 -1527.6
2170 2026.44 -4274.25
2171 1882.48 4449
2172 1472.22 -3044.26
2173 3144.95 2306.47
2174 1643 -4374.25
2175 1899.44 1860.13
2176 -1350.76 -3972.35
2177 4315.58 -2204.24
2178 2089.29 -3374.83
2179 -3500.77 -1000.21
2180 -569.579 711.102
2181 3430.75 -4093.78
2182 1392.01 4276.03
2183 -1721.68 -4271.04
2184 3926.34 3520.24
2185 1220 241.27
2186 -1868.06 -1008.25
2187 619.077 -4283.78
2188 3777.31 -1240.61
2189 -4633.01 -195.105
2190 -2581.9 -2275.42
2191 1581.34 4956.69
2192 1241.03 -4956.04
2193 2404.2 3097.93
2194 3186.21 -2753.04
2195 3960.15 1383.18
2196 4703.02 -1088.24
2197 -3870 3343.82
2198 -3221.43 -1706.02
2199 1704.02 -4267.95
2200 305.64 -132.562
2201 1969.91 4990.57
2202 1729.37 1290.75
2203 2556.44 3757.63
2204 -114.552 -3420.82
2205 -2243.68 1522.52
2206 4867.56 3137.79
2207 -3181.93 -418.111
2208 -4832.04 4330.37
2209 697.255 4506.42
2210 3545.7 -4713.75
2211 2575.73 336.103
2212 -1832.15 3698.93
2213 699.967 3748.01
2214 -728.45 3087.43
2215 -2992.81 2114.68
2216 -2090.2 553.755
2217 -216.131 -997.141
2218 -2579.82 -3648.78
2219 4016.26 -2957.83
2220 3354.03 -2718.47
2221 -2189.3 2559.83
2222 3370.01 1261.69
2223 -1896.23 1771.01
2224 2502.2 -4793.56
2225 4541.63 3395.19
2226 4829.15 3388.31
2227 4485.62 -2965.82
2228 -2092.54 -1658.84
2229 -2128.71 2380.54
2230 270.265 1971.54
2231 -4571.4 -1391.07
2232 -1634.59 -1706.83
2233 -1727.58 -1156.49
2234 3827.46 -4299.1
2235 2916.18 -587.275
2236 -3231.09 540.164
2237 -445.715 -1679.54
2238 -3633.65 -669.404
2239 -2512.99 2952.93
2240 4345.34 1841.47
2241 -4130.59 1541.35
2242 2701.59 1928.81
2243 3344.86 -2032.79
2244 1073.75 -1042.04
2245 4960.76 4807.53
2246 -4764.31 -3900.16
2247 -234.448 4260.17
2248 2310.24 -1351.21
2249 -2349.28 1421.65
2250 3713.55 -1334.38
2251 -1311.08 -54.8647
2252 1828.66 -1142.67
2253 3576.17 4491.77
2254 1317.32 2397.54
2255 -1468.26 -211.409
2256 930.142 1131.47
2257 3139.76 985.121
2258 -3075.53 -797.238
2259 4424.78 4858.01
2260 3830.13 4414.6
2261 -4170.24 -3103.63
2262 3688.93 4424.23
2263 4450.15 3425.84
2264 -547.948 -28.988
2265 4700.39 3928.62
2266 3843.05 2388.92
2267 2383.8 3108.84
2268 -759.082 -2476.53
2269 -2968.74 -2836.65
2270 -215.89 3272.66
2271 -3561.49 4313.75
2272 1459.98 2882.15
2273 1416.11 4070.18
2274 1302.58 1236.55
2275 4491.45 4841.12
2276 1469.41 -3534.21
2277 947.319 4840.06
2278 -808.758 3674.03
2279 -4610.75 -4242.12
2280 -1430.17 3419.06
2281 2727.32 3898.9
2282 -4920.53 1832.12
2283 -3436.04 -1374.96
2284 -1175.14 4696.94
2285 3640.59 2648.54
2286 -2611.05 2665.1
2287 -2076.48 3836.8
2288 4249.13 -354.682
2289 2288.04 3482.11
2290 3730.57 1900.81
2291 1946.92 285.911
2292 -1703.5 -385.849
2293 -2734.12 -4848.02
2294 -574.76 -1583.06
2295 107.796 -3759.09
2296 -2487.16 2979.77
2297 1644.15 -848.985
2298 2308.92 -244.498
2299 -4609.63 1550.06
2300 -610.065 1284.01
2301 3709.82 -2416.82
2302 3774.52 -998.261
2303 1256.49 995.329
2304 -3318.16 -3176.87
2305 3970.96 2210.87
2306 -3876.46 2884.25
2307 -3290.77 -1085.87
2308 -2274.31 1209.89
2309 -1615.1 4611.07
2310 -3945.72 1059.65
2311 -2336.01 -4827.77
2312 3160.93 -4552.15
2313 -2130.96 -2193.98
2314 4516.41 -3243.19
2315 4578.43 2271.66
2316 -1124.12 1059.44
2317 4031 -1012.49
2318 2724.25 -1412.49
2319 -3694.37 3727.25
2320 -4826.1 2624.41
2321 1144.86 3549.21
2322 4517.95 3633.94
2323 271.773 3760.5
2324 2162.48 1412.04
2325 4409.38 377.277
2326 4881.86 1765.97
2327 -1306.79 -1857.28
2328 1504.57 427.478
2329 4465.67 -1651.91
2330 4728.02 1232.75
2331 1378.92 -3549.08
2332 4273.96 566.239
2333 -1938.24 4103.33
2334 2001.71 -4454.27
2335 4493.52 -4701.84
2336 -4768.96 -1974.1
2337 -4863.2 1113.04
2338 -1029.89 1495.33
2339 -4336.98 3133.34
2340 3143.28 3187.55
2341 2048.61 -124.781
2342 -4288.37 -1442.23
2343 -4594.68 -3904.05
2344 -2454.88 349.184
2345 962.635 -475.435
2346 50.8618 -623.136
2347 4658.91 -4916.6
2348 1625.11 -844.712
2349 -4274.8 556.218
2350 3491.83 1757.74
2351 -1222.44 4269.34
2352 1409.63 -3106.22
2353 3819.35 -1179.2
2354 3597.34 1571.88
2355 -2451.68 713.636
2356 1254.16 2290.96
2357 4519.83 872.026
2358 2469.48 -2764.41
2359 1526.73 -4790.93
2360 -4605.47 452.943
2361 3535.26 445.887
2362 1653.13 -4758.02
2363 4800.51 4476.73
2364 -3978.53 -954.915
2365 3590.26 -3764.52
2366 3119.67 -3037.32
2367 3712.61 4553.52
2368 -2663.08 -4138.5
2369 1568.77 915.275
2370 -3402.85 -3215.45
2371 2067.17 -4544.33
2372 -3906.98 -2654.38
2373 1663.39 1417.97
2374 3080.26 1458.35
2375 2398.63 -2927.76
2376 -1804.65 -1253.98
2377 4864.1 465.648
2378 4742.22 618.988
2379 3762.14 -3749.07
2380 1626.08 -4756.44
2381 4731.12 -647.053
2382 851.052 -1321.68
2383 -4612.92 -4682.66
2384 -4309.55 4350.76
2385 -590.72 1921.16
2386 208.677 -2126.44
2387 -3044.02 1627.32
2388 -3592.55 -257.18
2389 -152.725 -113.557
2390 -409.846 2642.4
2391 4918.81 -1491.44
2392 -1839.57 -3875.49
2393 4214.92 -679.426
2394 -1393.41 -4824.4
2395 -4943.04 -2659.18
2396 1691.37 -4474.38
2397 -1192.56 -1537.01
2398 772.228 2280.5
2399 1467.21 1101.62
2400 -1781.02 4651.12
2401 4889.71 -3273.72
2402 770.604 3396.25
2403 1565.9 -1171.49
2404 -83.7712 3682.02
2405 1984.06 4974.3
2406 -1954.21 62.1543
2407 -2500.51 1694.76
2408 -3426.79 -3767.61
2409 -2560.41 -2989.48
2410 -3423.33 -3620.88
2411 3795.03 -6.71926
2412 -1518.13 515.004
2413 2025.34 2404.61
2414 950.82 902.818
2415 1192.75 1698.05
2416 -4279.06 1820.39
2417 2084.41 503.148
2418 -1337.64 -271.633
2419 -3275.94 1953.4
2420 3468.13 -3789.99
2421 -2388.12 -4339.41
2422 -1365.14 770.996
2423 169.785 4099.61
2424 3748.64 -4438.72
2425 -3104.76 3859.1
2426 -3897.9 -505.076
2427 -3379.76 1768.49
2428 3371.82 3662.75
2429 -2804.45 318.457
2430 3593.97 -4463.07
2431 -4679.96 2233.11
2432 -1933.11 3745.19
2433 1673.54 -1274.45
2434 -1694.96 1004.29
2435 4873.56 1208.49
2436 2943.44 -2816.71
2437 2755.57 1309.35
2438 -4474.51 -320.238
2439 4493.89 -1474.21
2440 -868.954 3411.57
2441 1565.39 511.208
2442 -1386.71 -2415.1
2443 1714.31 -4500.4
2444 -3213.97 1228.71
2445 3615.82 1709.2
2446 4950.19 4973.77
2447 -3778.58 3206.28
2448 4196.44 1159.1
2449 902.799 -2808.67
2450 -1801.05 -724.44
2451 -7.73064 2113.89
2452 3272.13 -774.63
2453 83.9848 1505.29
2454 -2994.35 -562.655
2455 3591.04 3069.88
2456 1156.57 1891.6
2457 -3061.79 -2063.27
2458 -318.308 1571.43
2459 -1127.53 -586.018
2460 -1819.48 2260.65
2461 -2752.07 -3675.96
2462 -4732.18 -4179.82
2463 -2175.42 309.106
2464 2120.44 -2455.12
2465 3584.01 2001.49
2466 946.082 4292.99
2467 -2345.96 -4477.62
2468 -1504.64 -2192.35
2469 -1267.29 -3821.89
2470 -4594.72 551.003
2471 2176.77 1159.61
2472 -2649.26 -4103.02
2473 -4872.34 -2611.65
2474 -1120.8 152.859
2475 -573.126 -3029.87
2476 -3878.07 -1385.48
2477 500.05 4274.23
2478 -1022.23 2443.83
2479 -4407.74 4667.94
2480 -1139.39 -766.85
2481 33.2966 -380.49
2482 3128.55 3684.23
2483 4969.3 -2439.05
2484 1665.21 1230.67
2485 4503.16 -4380.29
2486 -2866.17 1386.36
2487 -3517.72 1497.81
2488 4311.5 3173.66
2489 4734.46 461.009
2490 -141.849 -133.235
2491 -3714.98 -2998.62
2492 -1813.15 4994.83
2493 2446.22 -4027.36
2494 4449.28 -2872
2495 -3456.49 2640.28
2496 569.291 -4618.15
2497 -2785.57 -3267.34
2498 -4531.39 2895.91
2499 602.619 -271.973
2500 4943.74 561.941
2501 -338.949 386.031
2502 2602.43 -1973.22
2503 4374.45 -1840.91
2504 -2315.05 4273.09
2505 963.299 -966.332
2506 372.252 -4991.19
2507 3910.08 3614.03
2508 1083.12 -1127.27
2509 -1334.64 2117.08
2510 4193.53 -143.853
2511 -687.262 -4061.56
2512 2429.1 -2101.66
2513 -1405.11 431.318
2514 2711.1 -4846.99
2515 4814.87 -1243.43
2516 -496.397 -261.874
2517 3099.14 1314.65
2518 -3618.86 4434
2519 -4825.4 451.657
2520 2190.23 2556.12
2521 -4394.97 -4692.18
2522 2174.73 -2247
2523 -1720 -3774.16
2524 508.82 609.147
2525 1322.85 3767.01
2526 4761.57 -1491.41
2527 4030.32 1547.43
2528 -1347.05 1596.98
2529 4209.17 -1951.6
2530 3678.85 1518.28
2531 -597.412 -3228.4
2532 -4391.64 -4576.83
2533 275.085 -352.211
2534 -2977.44 2367.52
2535 -118.134 3097.3
2536 1595.56 4172.12
2537 -3002.77 1808.41
2538 1140.17 -1929.49
2539 -2950.09 -389.694
2540 1252.97 3272.58
2541 -870.748 2265.59
2542 -3234.84 -1256.01
2543 2441.71 1804.61
2544 2585.57 4020.93
2545 696.106 -2739.45
2546 1237 831.911
2547 -2281.72 1152.62
2548 2592.78 -2809.87
2549 3152.39 -3150.11
2550 -2821.13 1385.18
2551 968.921 -3990.14
2552 -1239.96 -1882.23
2553 -17.9141 1363.5
2554 -2836.4 3691.78
2555 -690.603 3791.76
2556 -2805.12 2839.44
2557 -2639.32 -760.554
2558 4858.36 4019.39
2559 -2152.29 4360.93
2560 -3418.93 -4439.32
2561 1181.23 -3932.43
2562 2331.09 -206.633
2563 4729.22 4630.63
2564 -1179.01 -2640.61
2565 319.767 4729.14
2566 3542.95 -1116.79
2567 2505.02 4537.72
2568 -4425.7 -3821.75
2569 -3953.32 -2896
2570 4201.11 224.076
2571 -4216.29 4169.04
2572 1224.74 -1965.95
2573 -2140.64 -3302.58
2574 -2186.77 -4370.42
2575 -4913.96 2120.94
2576 2085.37 -583.565
2577 -4564.67 2751.77
2578 -2033.49 2879.87
2579 -3101.35 -4809.2
2580 1788.96 1099.52
2581 -3127.65 -4544.36
2582 -3091.84 35.5702
2583 154.805 -739.301
2584 2998.65 2987.27
2585 3185.77 2504.54
2586 328.012 1074.27
2587 -1225.29 1393.36
2588 -4656.96 429.86
2589 -967.869 -3087.6
2590 -1575.89 2688.62
2591 549.148 3381.88
2592 -426.24 1615.08
2593 -245.02 -4061.09
2594 3210.94 2406.1
2595 2266.1 -3788.4
2596 -2037.67 -3653
2597 4550.2 1424.45
2598 2089.81 -2145.4
2599 1079.17 -3926.88
2600 1063.99 -4074.8
2601 -4002.52 1321.98
2602 -2397.81 -2573.95
2603 2078.69 1489.54
2604 601.795 4367.61
2605 -4127.43 2460.42
2606 3545.75 2106.8
2607 2245.18 1693.95
2608 -1386.94 991.719
2609 -3018.3 4538.17
2610 -2809.66 -1534.62
2611 485.862 -3676.13
2612 2937.93 3908.06
2613 1539.5 -4588.04
2614 -1998.48 3150.98
2615 4053.79 -3758.02
2616 -1147.58 -4757.51
2617 -4372.4 -2363.05
2618 2200.76 -1677.59
2619 1127.92 -4265.25
2620 -2937.62 -2924.37
2621 -120.227 -3740.91
2622 4093.09 -1425.99
2623 -302.659 -4039.05
2624 -2179.93 -850.026
2625 -3456.28 -2218.73
2626 3113.58 -969.972
2627 2728.2 -507.953
2628 1322.91 -2625.93
2629 2691.34 459.181
2630 -2440.8 4572.57
2631 -609.687 -3732.72
2632 4536.65 3976.55
2633 -254.074 -4146.83
2634 4361.88 583.757
2635 2850.97 780.979
2636 3937.98 -1468.29
2637 -842.864 1551.64
2638 -4938.54 4678.18
2639 4026.32 359.363
2640 4883.09 561.98
2641 4414.2 -4756.63
2642 -1811.57 -211.107
2643 1698.75 4993.54
2644 -3144.7 3147.98
2645 -616.74 -30.932
2646 -2180.51 -1453.82
2647 -1023.95 -1957.71
2648 -4701.23 -2007.3
2649 2649.28 637.526
2650 -1655.83 -1131.72
2651 -4209.46 -1488.63
2652 -549.113 1541.22
2653 -1644.59 1822.27
2654 -4491.48 724.086
2655 -2134.24 4418.95
2656 -3460.2 2487.47
2657 3171.51 -3236.62
2658 3764.64 4309.79
2659 1759.43 -2581.56
2660 2284.04 437.901
2661 -462.007 -2371.69
2662 -141.435 -663.337
2663 -3746.31 -1286.43
2664 -2546.12 -4034.59
2665 -4861.83 -2940.27
2666 2487.28 -4387.17
2667 27.4523 -3776.72
2668 876.085 1737.43
2669 -1310.06 958.923
2670 -1469.5 4896.08
2671 -4552.61 2942.47
2672 -1379.98 4994.09
2673 1880.76 2522.4
2674 -4769.12 3978.6
2675 -1273.41 -3348.96
2676 -572.251 1261.67
2677 -2356.19 -2593.27
2678 -1205.73 -993.035
2679 -3758.1 740.051
2680 -3694.73 -623.594
2681 4621.4 412.611
2682 -768.666 1113.22
2683 -2784.85 -3572.98
2684 4577.34 -2458.47
2685 -2037.79 3113.61
2686 1325.3 3155.98
2687 2597.41 -3933.76
2688 -4017.38 977.997
2689 -3748.34 3004.71
2690 1998.69 -2061.06
2691 53.8221 -2071.99
2692 -843.741 485.031
2693 4775.41 3657.59
2694 3864.27 -2562.24
2695 -4524.99 1954.57
2696 -3731.68 2495.66
2697 -4949.49 -3667.85
2698 -4963.43 3421.2
2699 565.182 -2973.79
2700 -4050.37 223.837
2701 503.586 2741.42
2702 -4889.01 -696.062
2703 -3382.92 -740.699
2704 2558.59 -3856.44
2705 -1499.64 -1002.31
2706 -2421.45 3213.73
2707 4729.43 1759.31
2708 1450.6 -4238.35
2709 -1428.52 975.765
2710 -1673.31 2328.71
2711 2122.73 -4577.07
2712 808.425 2461.94
2713 -3054.97 818.379
2714 424.897 -1531.29
2715 4823.26 1176.83
2716 -480.863 3821.65
2717 -2787.7 4636.5
2718 -4793.03 4938.2
2719 -3575.15 3244.25
2720 1328.62 -996.957
2721 -2572.07 1633.08
2722 -438.022 4582.72
2723 3296.81 3987.85
2724 -4699.12 -2466.62
2725 3198.08 4321.09
2726 -478.086 -823.382
2727 -4130.17 -416.062
2728 2462.17 -819.285
2729 -2630.91 92.6173
2730 -2.24219 -55.1802
2731 -3629.25 -2631.53
2732 -1197.68 -4799.22
2733 -4419.02 3882.84
2734 952.774 -545.272
2735 2533.64 4135.75
2736 4363.99 876.637
2737 -1618.15 2324.24
2738 -459.063 4684.01
2739 -2104.37 -4250.12
2740 -1230.37 -910.007
2741 -574.144 -1044.37
2742 -1190.74 1296.94
2743 -2021.74 -1850.33
2744 2795.82 -4632.51
2745 -47.6757 741.163
2746 2437.95 -623.326
2747 3066.23 -555.398
2748 -3614.35 4076.18
2749 -391.769 -4117.09
2750 -4212.21 108.185
2751 -3048.29 3283.01
2752 2806.56 -4086.97
2753 3294.54 2788.57
2754 3229.06 3914.38
2755 2181.54 3514.89
2756 -971.555 -3469.91
2757 4531.58 404.877
2758 1689.09 -156.793
2759 1244.14 185.181
2760 2487.46 -3395.54
2761 4930.21 -328.08
2762 448.105 -3909.92
2763 4381.81 -3499.85
2764 3987.39 2948.86
2765 -96.2557 -3615.92
2766 -2786.32 1891.27
2767 3304.54 -2612.74
2768 -3190.28 1049.45
2769 644.214 -4894.61
2770 378.895 528.055
2771 1405.24 -915.237
2772 2241.06 -1240.45
2773 2416.95 4576.85
2774 -2337.48 3727
2775 79.5578 8.22138
2776 1244.56 1202.33
2777 -936.269 4097.45
2778 812.52 -2751.1
2779 1346.19 2944.87
2780 2275.18 -2910.72
2781 3622.73 1396.22
2782 -3248.39 -2325.54
2783 -3268.86 -1536.66
2784 -4383.46 -3950.23
2785 -4525.37 1638.98
2786 4805.57 578.239
2787 2373.12 -504.108
2788 3700.26 -2527.53
2789 3530.4 -2356.68
2790 291.715 -282.031
2791 392.582 -2709.27
2792 -2174.21 380.014
2793 -4360.29 1511.93
2794 4375.93 -2205.54
2795 -3475.96 -1439.43
2796 1088.21 4636.71
2797 4485.32 -2727.61
2798 23.8347 -1853.45
2799 3968.02 3839.7
2800 -2438.4 3507.94
2801 -584.327 -4985.06
2802 4362.83 -2084.42
2803 3447.23 -2803.57
2804 -2289.34 -2768.22
2805 4844.96 -3880.82
2806 -2741.33 2384.11
2807 -253.047 -2962.98
2808 101.317 -1935.36
2809 4590.78 -246.73
2810 -3937.69 487.027
2811 4115.41 -1617.36
2812 -724.095 -3463.21
2813 2757.76 668.726
2814 -3287.28 1734.45
2815 3285.85 -3843.48
2816 8.83847 -1215.72
2817 622.126 -1716.5
2818 1026.08 4249.08
2819 4565.6 -131.897
2820 -2333.14 -4652.32
2821 -80.5039 -3177.83
2822 246.453 4111.5
2823 -2858.22 -475.296
2824 4930.71 1111.25
2825 2354.19 -3036.86
2826 4838.19 -4055.95
2827 -224.897 2799.18
2828 4738.33 -3455.38
2829 -4688.17 -1435.46
2830 561.689 4763.7
2831 4572.17 3348.82
2832 -626.269 87.9284
2833 3815.22 4677.44
2834 792.08 -954.785
2835 -2778.98 546.26
2836 -4005.95 1979.52
2837 -1100.7 -3147.16
2838 -4981.45 -4936.37
2839 3271.53 364.353
2840 -1676.19 -917.227
2841 1954.23 1585.71
2842 3729.66 2522.53
2843 795.109 -2548.15
2844 4446.12 1183.17
2845 -4474.27 -1777.13
2846 -645.376 1296.38
2847 -790.997 -1336.94
2848 1142.03 -1543.16
2849 320.782 -2148.55
2850 3697.13 -409.987
2851 4463.19 -2421.4
2852 4249.25 113.62
2853 -1524.65 3675.81
2854 1420.13 3283.92
2855 306.659 439.841
2856 -4717.41 4411.59
2857 2939.8 2428.02
2858 -176.79 -3544.29
2859 -3978.42 3375.61
2860 4480.82 -136.965
2861 3362.28 -2731.33
2862 4956.45 3275.07
2863 197.182 703.657
2864 -89.3011 -2304.02
2865 -2028.92 1725.79
2866 3917.96 1046.67
2867 895.918 4586.73
2868 2957.92 -4495.16
2869 1860.45 -4981.81
2870 3354.97 4591.99
2871 1993.3 -3991.98
2872 -120.999 2336.13
2873 1485.93 -1479.49
2874 4307.04 1777.03
2875 -4162.75 -3142.51
2876 -85.7152 4763.33
2877 -4610.49 3571.56
2878 3318.73 420.738
2879 2044.23 3313.61
2880 -713.617 4439.41
2881 1224.21 521.404
2882 -387.325 -3703.89
2883 2700.24 564.012
2884 1778.27 -3243.16
2885 -1080.92 -1029.42
2886 -1251.49 2586.14
2887 3672.93 -1380.66
2888 -4685.31 884.294
2889 292.845 -722.923
2890 2388.85 296.458
2891 2220.22 -480.983
2892 4929.54 850.742
2893 4683.11 -4617.84
2894 4387.18 243.8
2895 885.3 -4270.41
2896 1947.24 -1872.11
2897 1002.85 -1195.78
2898 3040.12 -3881.43
2899 -2348.66 -241.072
2900 -582.417 -4719.72
2901 -4022.16 3885.77
2902 -352.15 -1276.67
2903 2203.04 -4903.39
2904 3764.01 932.155
2905 -1413.38 4394.45
2906 3357.71 1642.63
2907 -1336.05 -1706.2
2908 2739.02 -4018.88
2909 881.829 1216.95
2910 2248.16 -1872.54
2911 4363.77 2428.98
2912 -358.598 1072.24
2913 4916.16 1402.38
2914 498.656 -968.603
2915 -4978.73 1791.72
2916 3614.94 -4725.05
2917 -3990.68 -1519.72
2918 2099.02 2258.29
2919 -3943.85 -2383.14
2920 -3490.8 -3856.9
2921 2239.16 3912.48
2922 562.819 3322.24
2923 277.907 -4590.97
2924 -4332.74 738.191
2925 231.794 -66.8682
2926 4982.79 -2796.83
2927 1700.3 3263.46
2928 3168.23 -1710.36
2929 -2961.54 3526.84
2930 2408.95 1410.63
2931 -4323.13 1515.93
2932 1218.81 3788.53
2933 -1508.06 1734.4
2934 -3710.3 263.779
2935 -4778.62 3648.86
2936 3905.81 2990.25
2937 3627.85 -1866.45
2938 1414.14 580.65
2939 3707.2 -1554.82
2940 -4951.51 -1427.31
2941 -4515.97 672.245
2942 4797.91 -1517.42
2943 3711.24 3359.53
2944 2396.74 -2293.31
2945 -1950.06 652.632
2946 3191.47 -2569.35
2947 2060.94 -801.337
2948 -1910.21 655.706
2949 -510.047 2970.94
2950 -3592.27 -2389.35
2951 1262.31 -3984.71
2952 -4662.14 772.186
2953 1695.34 -2275.59
2954 -2637.62 -3499.94
2955 -2828.3 255.415
2956 1288.12 -4255.24
2957 -4004.01 2918.66
2958 -2077.98 715.705
2959 2708.31 3136.66
2960 -3732.21 17.3196
2961 -4823.1 -1442.71
2962 1324.71 -918.221
2963 -1848.66 319.427
2964 -782.168 -1499.41
2965 1632.8 1795.23
2966 721.974 -2991.61
2967 -2661.2 2792.12
2968 -718.194 1598.15
2969 1970.38 3614.62
2970 3959.29 1982.88
2971 408.188 -973.826
2972 3881.29 1282.18
2973 -2309.95 -3540.41
2974 4644.69 511.229
2975 2639.51 -1613.61
2976 2792.21 -1276.06
2977 2210.23 3361.81
2978 -586.916 -3823.95
2979 -497.165 -4268.7
2980 -1435.88 2835.5
2981 4096.08 -1823.35
2982 1561.15 -1055.73
2983 -1873.33 -2612.02
2984 3263.47 384.361
2985 -3492.76 -2924.65
2986 816.161 -4272.9
2987 4808.19 -1742.81
2988 1374.91 -2899.39
2989 3013.79 1366.28
2990 -665.599 2294.68
2991 -1032.4 155.07
2992 -1008.89 157.203
2993 -453.01 1509.68
2994 4058.11 -3658.88
2995 3264.64 1600.98
2996 -779.583 1920.06
2997 2639.98 2348.02
2998 -4664.35 1743.29
2999 -123.783 -1435.19
3000 2318.29 277.328
3001 2076.07 128.161
3002 -2089.62 3838.75
3003 -2092.08 3841.33
3004 -1412.1 -498.628
3005 -1422.56 -496.298
3006 193.047 691.229
3007 188.487 685.656
3008 507.673 2737.47
3009 502.059 2738.93
3010 3152.8 379.118
3011 3313.39 405.465
3012 4818.16 3382.34
3013 4829.89 3359.54
3014 -2535.59 466.282
3015 -2546.17 463.857
3016 -1543.19 3661.73
3017 -1528.33 3671.38
3018 3190.75 -2569.28
3019 3186.02 -2572.02
